637847.6583 4342828.999 0.4228 1.37664
637689.6481 4342733.228 0.36861 1.09572
637650.2832 4342696.645 0.252 0.87754
637364.5438 4342601.289 0.24584 1.33551
637361.6536 4342593.204 0.18622 0.85688
637361.1888 4342591.879 0.17135 0.76198
637324.6094 4342512.573 0.36222 0.86232
637041.282 4342301.379 0.34596 0.98321
636768.1024 4342312.723 0.8763 1.3872
636760.7767 4342304.922 0.75549 0.93709
636757.7032 4342302.357 0.6336 1.06395
636688.593 4342256.795 0.56982 2.03307
636662.2029 4342232.225 0.64261 1.76342
636516.9753 4342092.996 0.37856 1.67991
636435.4555 4342068.851 0.31605 1.24199
636386.4465 4342057.233 0.41624 1.2803
636364.6312 4342051.068 0.45944 1.34732
635916.51 4341923.129 0.26513 1.69034
635914.2684 4341922.836 0.26334 1.66855
635912.2125 4341922.323 0.25583 1.62503
635880.7486 4341890.452 0.36004 1.61716
635861.3835 4341881.698 0.38612 1.56283
635828.3746 4341872.285 0.38438 1.52337
635803.9135 4341866.141 0.36626 1.48191
635779.5942 4341858.804 0.37793 1.47068
635704.7331 4341827.681 0.3258 1.85184
635672.4673 4341831.701 0.32534 1.32048
635657.1599 4341831.275 0.33563 1.24192
635638.1294 4341832.674 0.31559 1.18917
635607.9457 4341837.132 0.32028 1.19703
635565.0596 4341840.092 0.32093 1.43351
635536.9951 4341837.852 0.26954 1.3879
635479.5359 4341833.566 0.2247 1.07865
635425.3907 4341830.36 0.34378 1.08833
635104.2558 4341798.697 0.76166 0.89996
635097.9025 4341795.935 0.77384 0.91137
635091.4492 4341793.259 0.79824 0.89912
634962.0812 4341736.281 0.40437 1.4074
634947.5924 4341730.261 0.32905 1.81622
634895.8011 4341692.242 0.37754 1.92613
634880.2707 4341681.91 0.3842 1.47819
634870.3329 4341676.105 0.36609 1.42006
634831.4908 4341635.838 0.40149 1.12012
634806.1413 4341610.697 0.46479 0.90945
634789.9797 4341585.282 0.46972 0.74204
634774.1167 4341562.354 0.46307 0.63662
634770.3064 4341555.662 0.40526 0.63335
634730.1228 4341487.474 0.27226 0.60741
634728.5151 4341428.324 0.43445 1.06784
634715.3142 4341392.353 0.42725 0.96414
634705.2007 4341364.191 0.50751 0.79273
634685.4494 4341285.182 0.79379 1.20585
634632.6231 4341213.319 0.18733 2.24015
634622.5171 4341208.474 0.3648 1.53452
634585.1241 4341191.439 0.4945 1.28146
634556.6262 4341176.628 0.43398 0.89573
634544.4755 4341168.406 0.36037 0.93153
634539.5178 4341165.7 0.32703 0.87584
634495.1384 4341141.002 0.20092 0.42879
634492.8428 4341139.671 0.21417 0.41134
634472.572 4341121.479 0.32548 0.6007
634470.7241 4341121.391 0.33813 0.51938
634468.7417 4341121.141 0.33217 0.4745
634435.0707 4341111.347 0.18037 0.3491
637858.8604 4342838.7 0.4408 1.54636
637854.1359 4342837.506 0.50129 1.40773
637849.4952 4342835.809 0.53173 1.36825
637836.6394 4342829.075 0.57428 1.24857
637680.8934 4342743.214 0.44146 1.33681
637653.8874 4342720.701 0.39308 1.55634
637643.7356 4342712.492 0.39417 1.45711
637633.9361 4342705.275 0.37324 1.41147
637631.9576 4342703.989 0.36298 1.4565
637619.9292 4342671.032 0.25955 0.87924
637618.6921 4342668.101 0.22819 0.81622
637618.2273 4342667.303 0.22023 0.81815
637616.7077 4342665.147 0.21653 0.82525
637615.0718 4342663.113 0.2509 0.76434
637612.721 4342660.128 0.2933 0.71368
637611.3733 4342658.437 0.29624 0.74607
637610.6538 4342657.522 0.27983 0.79145
637609.211 4342655.662 0.24629 0.90296
637606.0868 4342651.755 0.20412 0.92513
637602.2271 4342646.28 0.31173 0.68945
637599.2182 4342641.233 0.39492 0.64169
637597.8445 4342638.53 0.46554 0.65498
637597.254 4342637.134 0.45208 0.6492
637584.8379 4342606.63 0.73698 0.91592
637583.2229 4342601.163 0.63167 1.43347
637579.3266 4342589.487 0.81089 0.98418
637301.1989 4342296.803 0.33414 1.44418
637297.332 4342295.07 0.32933 1.44866
637283.9797 4342292.747 0.31347 1.29485
637280.4432 4342292.496 0.30638 1.35351
637261.0769 4342291.227 0.26758 1.53461
637256.7575 4342291.958 0.28146 1.41584
637253.1655 4342292.759 0.30843 1.31912
637248.7762 4342294.084 0.41552 1.28761
637243.4202 4342296.304 0.53517 1.46756
636821.5056 4342328.998 1.1253 0.98834
