637847.6583 4342828.999 0.41132 1.41248
637689.6481 4342733.228 0.45384 1.14473
637650.2832 4342696.645 0.18489 0.92458
637364.5438 4342601.289 0.23862 1.336
637361.6536 4342593.204 0.18087 0.85669
637361.1888 4342591.879 0.16612 0.7618
637324.6094 4342512.573 0.44971 0.85302
637041.282 4342301.379 0.38967 0.94876
636768.1024 4342312.723 0.84022 1.42621
636760.7767 4342304.922 0.71225 0.97768
636757.7032 4342302.357 0.58882 1.1048
636688.593 4342256.795 0.56198 2.06678
636662.2029 4342232.225 0.62499 1.79566
636516.9753 4342092.996 0.38043 1.70023
636435.4555 4342068.851 0.36873 1.26243
636386.4465 4342057.233 0.46896 1.30303
636364.6312 4342051.068 0.50408 1.37268
635916.51 4341923.129 0.24462 1.69384
635914.2684 4341922.836 0.24164 1.67194
635912.2125 4341922.323 0.23485 1.62843
635880.7486 4341890.452 0.36125 1.61863
635861.3835 4341881.698 0.38585 1.56323
635828.3746 4341872.285 0.38418 1.52172
635803.9135 4341866.141 0.36604 1.47871
635779.5942 4341858.804 0.37831 1.46599
635704.7331 4341827.681 0.33006 1.84236
635672.4673 4341831.701 0.32975 1.30869
635657.1599 4341831.275 0.33853 1.22903
635638.1294 4341832.674 0.3169 1.1749
635607.9457 4341837.132 0.32222 1.1806
635565.0596 4341840.092 0.31371 1.4142
635536.9951 4341837.852 0.29719 1.3666
635479.5359 4341833.566 0.28002 1.05119
635425.3907 4341830.36 0.38617 1.05906
635104.2558 4341798.697 0.73875 0.95387
635097.9025 4341795.935 0.7485 0.96584
635091.4492 4341793.259 0.76932 0.95474
634962.0812 4341736.281 0.37983 1.46064
634947.5924 4341730.261 0.3154 1.86899
634895.8011 4341692.242 0.36098 1.97787
634880.2707 4341681.91 0.36471 1.52995
634870.3329 4341676.105 0.34642 1.47204
634831.4908 4341635.838 0.37269 1.17348
634806.1413 4341610.697 0.42973 0.96291
634789.9797 4341585.282 0.43679 0.79089
634774.1167 4341562.354 0.43893 0.67977
634770.3064 4341555.662 0.38354 0.67461
634730.1228 4341487.474 0.28209 0.64203
634728.5151 4341428.324 0.40248 1.09279
634715.3142 4341392.353 0.39906 0.98045
634705.2007 4341364.191 0.47847 0.79807
634685.4494 4341285.182 0.78342 1.19351
634632.6231 4341213.319 0.20195 2.23258
634622.5171 4341208.474 0.37896 1.52646
634585.1241 4341191.439 0.45198 1.27439
634556.6262 4341176.628 0.39158 0.88969
634544.4755 4341168.406 0.33166 0.92542
634539.5178 4341165.7 0.30298 0.86964
634495.1384 4341141.002 0.18491 0.42159
634492.8428 4341139.671 0.19666 0.40408
634472.572 4341121.479 0.30089 0.59271
634470.7241 4341121.391 0.31196 0.51142
634468.7417 4341121.141 0.30545 0.4666
634435.0707 4341111.347 0.162 0.34043
637858.8604 4342838.7 0.40903 1.5806
637854.1359 4342837.506 0.45905 1.44261
637849.4952 4342835.809 0.48456 1.40371
637836.6394 4342829.075 0.51732 1.2858
637680.8934 4342743.214 0.48548 1.38634
637653.8874 4342720.701 0.46045 1.60516
637643.7356 4342712.492 0.46703 1.50526
637633.9361 4342705.275 0.44329 1.4587
637631.9576 4342703.989 0.43487 1.50376
637619.9292 4342671.032 0.21385 0.92164
637618.6921 4342668.101 0.18402 0.85776
637618.2273 4342667.303 0.17877 0.85908
637616.7077 4342665.147 0.21839 0.86505
637615.0718 4342663.113 0.24422 0.80529
637612.721 4342660.128 0.29438 0.75354
637611.3733 4342658.437 0.29587 0.78517
637610.6538 4342657.522 0.27846 0.83031
637609.211 4342655.662 0.24364 0.94154
637606.0868 4342651.755 0.20207 0.96326
637602.2271 4342646.28 0.29646 0.72713
637599.2182 4342641.233 0.36737 0.67898
637597.8445 4342638.53 0.42813 0.6925
637597.254 4342637.134 0.41645 0.68678
637584.8379 4342606.63 0.67841 0.94704
637583.2229 4342601.163 0.59705 1.4601
637579.3266 4342589.487 0.76639 1.00564
637301.1989 4342296.803 0.31617 1.48599
637297.332 4342295.07 0.31212 1.49007
637283.9797 4342292.747 0.29643 1.33488
637280.4432 4342292.496 0.28955 1.39317
637261.0769 4342291.227 0.25577 1.5728
637256.7575 4342291.958 0.26856 1.45381
637253.1655 4342292.759 0.29289 1.35691
637248.7762 4342294.084 0.3918 1.32533
637243.4202 4342296.304 0.50658 1.50494
636821.5056 4342328.998 1.04872 1.02905
