637847.6583 4342828.999 0.33936 1.46336
637689.6481 4342733.228 0.26284 1.18223
637650.2832 4342696.645 0.27541 0.96438
637364.5438 4342601.289 0.30455 1.52653
637361.6536 4342593.204 0.263 1.04725
637361.1888 4342591.879 0.25136 0.95234
637324.6094 4342512.573 0.27237 1.06431
637041.282 4342301.379 0.27112 1.14915
636768.1024 4342312.723 0.86314 1.46662
636760.7767 4342304.922 0.67503 1.01768
636757.7032 4342302.357 0.47008 1.14561
636688.593 4342256.795 0.54956 2.11333
636662.2029 4342232.225 0.58863 1.84853
636516.9753 4342092.996 0.2924 1.81361
636435.4555 4342068.851 0.23628 1.38343
636386.4465 4342057.233 0.31332 1.42175
636364.6312 4342051.068 0.34518 1.48818
635916.51 4341923.129 0.17883 1.76532
635914.2684 4341922.836 0.17565 1.74352
635912.2125 4341922.323 0.16907 1.7001
635880.7486 4341890.452 0.35809 1.69319
635861.3835 4341881.698 0.37526 1.63983
635828.3746 4341872.285 0.37282 1.60197
635803.9135 4341866.141 0.35967 1.56122
635779.5942 4341858.804 0.36852 1.55096
635704.7331 4341827.681 0.30198 1.9359
635672.4673 4341831.701 0.33222 1.40499
635657.1599 4341831.275 0.34274 1.32662
635638.1294 4341832.674 0.31793 1.2747
635607.9457 4341837.132 0.3225 1.28401
635565.0596 4341840.092 0.25147 1.52179
635536.9951 4341837.852 0.18166 1.47749
635479.5359 4341833.566 0.15788 1.17255
635425.3907 4341830.36 0.26106 1.17807
635104.2558 4341798.697 0.65405 0.93825
635097.9025 4341795.935 0.65428 0.95983
635091.4492 4341793.259 0.66418 0.95885
634962.0812 4341736.281 0.31514 1.55697
634947.5924 4341730.261 0.23755 1.9678
634895.8011 4341692.242 0.33735 2.08261
634880.2707 4341681.91 0.33421 1.63678
634870.3329 4341676.105 0.31319 1.58059
634831.4908 4341635.838 0.3242 1.29306
634806.1413 4341610.697 0.34556 1.08572
634789.9797 4341585.282 0.33241 0.8961
634774.1167 4341562.354 0.335 0.75982
634770.3064 4341555.662 0.28926 0.74604
634730.1228 4341487.474 0.30306 0.69251
634728.5151 4341428.324 0.30574 1.12697
634715.3142 4341392.353 0.30263 0.99552
634705.2007 4341364.191 0.36659 0.77421
634685.4494 4341285.182 0.68537 1.13963
634632.6231 4341213.319 0.13443 2.17831
634622.5171 4341208.474 0.27978 1.47473
634585.1241 4341191.439 0.44394 1.22726
634556.6262 4341176.628 0.4019 0.84315
634544.4755 4341168.406 0.32149 0.88055
634539.5178 4341165.7 0.28769 0.82568
634495.1384 4341141.002 0.17405 0.38756
634492.8428 4341139.671 0.18619 0.37112
634472.572 4341121.479 0.29278 0.56619
634470.7241 4341121.391 0.3057 0.4853
634468.7417 4341121.141 0.30089 0.44126
634435.0707 4341111.347 0.15967 0.32541
637858.8604 4342838.7 0.50038 1.6335
637854.1359 4342837.506 0.55814 1.49483
637849.4952 4342835.809 0.5812 1.45528
637836.6394 4342829.075 0.60792 1.33544
637680.8934 4342743.214 0.3337 1.42266
637653.8874 4342720.701 0.28872 1.64167
637643.7356 4342712.492 0.2828 1.54281
637633.9361 4342705.275 0.26656 1.49752
637631.9576 4342703.989 0.2567 1.54239
637619.9292 4342671.032 0.25675 0.9681
637618.6921 4342668.101 0.21652 0.90572
637618.2273 4342667.303 0.2023 0.90814
637616.7077 4342665.147 0.16575 0.91622
637615.0718 4342663.113 0.17087 0.85503
637612.721 4342660.128 0.1764 0.8046
637611.3733 4342658.437 0.17549 0.83741
637610.6538 4342657.522 0.16589 0.88246
637609.211 4342655.662 0.14662 0.99334
637606.0868 4342651.755 0.11967 1.01474
637602.2271 4342646.28 0.17463 0.78093
637599.2182 4342641.233 0.22128 0.73494
637597.8445 4342638.53 0.26607 0.74996
637597.254 4342637.134 0.25832 0.74447
637584.8379 4342606.63 0.44819 1.01355
637583.2229 4342601.163 0.43505 1.5232
637579.3266 4342589.487 0.53154 1.07631
637301.1989 4342296.803 0.21666 1.54065
637297.332 4342295.07 0.21472 1.54505
637283.9797 4342292.747 0.20081 1.39098
637280.4432 4342292.496 0.19657 1.44918
637261.0769 4342291.227 0.18119 1.62951
637256.7575 4342291.958 0.19146 1.51089
637253.1655 4342292.759 0.20963 1.41463
637248.7762 4342294.084 0.28838 1.38423
637243.4202 4342296.304 0.39371 1.566
636821.5056 4342328.998 1.09122 1.04122
