637847.6583 4342828.999 0.43767 1.34855
637689.6481 4342733.228 0.37626 1.06874
637650.2832 4342696.645 0.25808 0.85354
637364.5438 4342601.289 0.27194 1.3455
637361.6536 4342593.204 0.21821 0.86643
637361.1888 4342591.879 0.20286 0.77144
637324.6094 4342512.573 0.39936 0.86793
637041.282 4342301.379 0.36347 0.96689
636768.1024 4342312.723 0.84806 1.40843
636760.7767 4342304.922 0.75118 0.95937
636757.7032 4342302.357 0.6391 1.08579
636688.593 4342256.795 0.55691 2.04941
636662.2029 4342232.225 0.62355 1.77857
636516.9753 4342092.996 0.38404 1.68281
636435.4555 4342068.851 0.34274 1.24136
636386.4465 4342057.233 0.44502 1.27798
636364.6312 4342051.068 0.48663 1.34441
635916.51 4341923.129 0.26937 1.68638
635914.2684 4341922.836 0.26698 1.66455
635912.2125 4341922.323 0.25976 1.62093
635880.7486 4341890.452 0.35686 1.61146
635861.3835 4341881.698 0.38273 1.55623
635828.3746 4341872.285 0.38056 1.51508
635803.9135 4341866.141 0.36211 1.47241
635779.5942 4341858.804 0.37408 1.45998
635704.7331 4341827.681 0.32773 1.83734
635672.4673 4341831.701 0.32234 1.30466
635657.1599 4341831.275 0.33246 1.2255
635638.1294 4341832.674 0.3134 1.17187
635607.9457 4341837.132 0.31951 1.17833
635565.0596 4341840.092 0.32166 1.41292
635536.9951 4341837.852 0.28545 1.36607
635479.5359 4341833.566 0.24564 1.05319
635425.3907 4341830.36 0.3574 1.06176
635104.2558 4341798.697 0.74964 0.91575
635097.9025 4341795.935 0.76112 0.92727
635091.4492 4341793.259 0.78312 0.91549
634962.0812 4341736.281 0.41018 1.4151
634947.5924 4341730.261 0.34302 1.82268
634895.8011 4341692.242 0.36814 1.93008
634880.2707 4341681.91 0.37535 1.48154
634870.3329 4341676.105 0.35846 1.42291
634831.4908 4341635.838 0.39353 1.12132
634806.1413 4341610.697 0.46148 0.90936
634789.9797 4341585.282 0.47163 0.74079
634774.1167 4341562.354 0.47018 0.63415
634770.3064 4341555.662 0.41174 0.6304
634730.1228 4341487.474 0.28183 0.60459
634728.5151 4341428.324 0.42987 1.06212
634715.3142 4341392.353 0.42428 0.95604
634705.2007 4341364.191 0.50582 0.78242
634685.4494 4341285.182 0.79573 1.19381
634632.6231 4341213.319 0.19641 2.23483
634622.5171 4341208.474 0.38041 1.5291
634585.1241 4341191.439 0.47277 1.27575
634556.6262 4341176.628 0.41886 0.88948
634544.4755 4341168.406 0.35497 0.92478
634539.5178 4341165.7 0.32523 0.8688
634495.1384 4341141.002 0.21294 0.42009
634492.8428 4341139.671 0.22677 0.40249
634472.572 4341121.479 0.32821 0.59156
634470.7241 4341121.391 0.34313 0.51027
634468.7417 4341121.141 0.33954 0.46534
634435.0707 4341111.347 0.19346 0.34024
637858.8604 4342838.7 0.43697 1.51939
637854.1359 4342837.506 0.49444 1.38042
637849.4952 4342835.809 0.52271 1.3406
637836.6394 4342829.075 0.5621 1.21951
637680.8934 4342743.214 0.44973 1.30992
637653.8874 4342720.701 0.39602 1.53148
637643.7356 4342712.492 0.39662 1.43284
637633.9361 4342705.275 0.37525 1.38788
637631.9576 4342703.989 0.36423 1.43305
637619.9292 4342671.032 0.264 0.85786
637618.6921 4342668.101 0.22953 0.79514
637618.2273 4342667.303 0.22022 0.79716
637616.7077 4342665.147 0.21739 0.80458
637615.0718 4342663.113 0.24444 0.74389
637612.721 4342660.128 0.28244 0.69359
637611.3733 4342658.437 0.28337 0.72615
637610.6538 4342657.522 0.26694 0.7716
637609.211 4342655.662 0.23341 0.88318
637606.0868 4342651.755 0.19277 0.90533
637602.2271 4342646.28 0.30038 0.66992
637599.2182 4342641.233 0.38485 0.62269
637597.8445 4342638.53 0.45545 0.63626
637597.254 4342637.134 0.443 0.63049
637584.8379 4342606.63 0.71878 0.89492
637583.2229 4342601.163 0.61658 1.41245
637579.3266 4342589.487 0.79748 0.96097
637301.1989 4342296.803 0.31784 1.42775
637297.332 4342295.07 0.31378 1.43214
637283.9797 4342292.747 0.29958 1.27808
637280.4432 4342292.496 0.29246 1.33673
637261.0769 4342291.227 0.25659 1.51754
637256.7575 4342291.958 0.27103 1.39869
637253.1655 4342292.759 0.2975 1.30196
637248.7762 4342294.084 0.40226 1.27051
637243.4202 4342296.304 0.51954 1.45052
636821.5056 4342328.998 1.07269 1.01096
