637847.6583 4342828.999 0.44822 1.41293
637689.6481 4342733.228 0.32521 1.1759
637650.2832 4342696.645 0.2491 0.97441
637364.5438 4342601.289 0.1136 1.29422
637361.6536 4342593.204 0.06422 0.81763
637361.1888 4342591.879 0.06075 0.72308
637324.6094 4342512.573 0.33975 0.8249
637041.282 4342301.379 0.36239 1.07461
636768.1024 4342312.723 0.69171 1.60839
636760.7767 4342304.922 0.61946 1.16573
636757.7032 4342302.357 0.59993 1.29246
636688.593 4342256.795 0.49814 2.2433
636662.2029 4342232.225 0.55832 1.96811
636516.9753 4342092.996 0.39602 1.81894
636435.4555 4342068.851 0.37035 1.36713
636386.4465 4342057.233 0.45176 1.4024
636364.6312 4342051.068 0.49826 1.46869
635916.51 4341923.129 0.33427 1.82611
635914.2684 4341922.836 0.33078 1.80416
635912.2125 4341922.323 0.32235 1.76037
635880.7486 4341890.452 0.30955 1.74794
635861.3835 4341881.698 0.33868 1.69044
635828.3746 4341872.285 0.33624 1.64425
635803.9135 4341866.141 0.31382 1.59839
635779.5942 4341858.804 0.32839 1.58271
635704.7331 4341827.681 0.3168 1.94742
635672.4673 4341831.701 0.27705 1.41043
635657.1599 4341831.275 0.28394 1.32915
635638.1294 4341832.674 0.2674 1.27205
635607.9457 4341837.132 0.27392 1.27281
635565.0596 4341840.092 0.32978 1.50003
635536.9951 4341837.852 0.33375 1.44855
635479.5359 4341833.566 0.27103 1.12148
635425.3907 4341830.36 0.34605 1.12889
635104.2558 4341798.697 0.62093 1.13818
635097.9025 4341795.935 0.63097 1.14541
635091.4492 4341793.259 0.64967 1.13023
634962.0812 4341736.281 0.41067 1.52666
634947.5924 4341730.261 0.38607 1.92872
634895.8011 4341692.242 0.35091 2.02436
634880.2707 4341681.91 0.35921 1.57218
634870.3329 4341676.105 0.34267 1.51034
634831.4908 4341635.838 0.3852 1.18456
634806.1413 4341610.697 0.44374 0.96096
634789.9797 4341585.282 0.45845 0.80366
634774.1167 4341562.354 0.44113 0.71146
634770.3064 4341555.662 0.38752 0.71165
634730.1228 4341487.474 0.1971 0.70714
634728.5151 4341428.324 0.42968 1.1785
634715.3142 4341392.353 0.41804 1.08417
634705.2007 4341364.191 0.48032 0.92783
634685.4494 4341285.182 0.79933 1.37366
634632.6231 4341213.319 0.23254 2.42145
634622.5171 4341208.474 0.42247 1.71475
634585.1241 4341191.439 0.40202 1.45654
634556.6262 4341176.628 0.33051 1.06637
634544.4755 4341168.406 0.29363 1.09844
634539.5178 4341165.7 0.27238 1.04105
634495.1384 4341141.002 0.17237 0.57515
634492.8428 4341139.671 0.18021 0.55598
634472.572 4341121.479 0.26401 0.73079
634470.7241 4341121.391 0.26752 0.64853
634468.7417 4341121.141 0.25883 0.60272
634435.0707 4341111.347 0.15054 0.45065
637858.8604 4342838.7 0.36035 1.58502
637854.1359 4342837.506 0.40538 1.44605
637849.4952 4342835.809 0.42404 1.40538
637836.6394 4342829.075 0.44634 1.28195
637680.8934 4342743.214 0.39104 1.4177
637653.8874 4342720.701 0.344 1.64835
637643.7356 4342712.492 0.3442 1.55268
637633.9361 4342705.275 0.32676 1.51034
637631.9576 4342703.989 0.31752 1.55594
637619.9292 4342671.032 0.25372 0.98813
637618.6921 4342668.101 0.22791 0.9261
637618.2273 4342667.303 0.22035 0.92829
637616.7077 4342665.147 0.21329 0.93623
637615.0718 4342663.113 0.239 0.87591
637612.721 4342660.128 0.27398 0.82696
637611.3733 4342658.437 0.2781 0.86047
637610.6538 4342657.522 0.26514 0.90614
637609.211 4342655.662 0.23904 1.01792
637606.0868 4342651.755 0.20589 1.04015
637602.2271 4342646.28 0.31811 0.80543
637599.2182 4342641.233 0.40918 0.76024
637597.8445 4342638.53 0.48215 0.77626
637597.254 4342637.134 0.47369 0.77108
637584.8379 4342606.63 0.81165 1.03655
637583.2229 4342601.163 0.70876 1.55505
637579.3266 4342589.487 0.88419 1.10315
637301.1989 4342296.803 0.4085 1.55265
637297.332 4342295.07 0.40259 1.55671
637283.9797 4342292.747 0.38131 1.40152
637280.4432 4342292.496 0.3731 1.46019
637261.0769 4342291.227 0.32494 1.64028
637256.7575 4342291.958 0.33688 1.52124
637253.1655 4342292.759 0.36364 1.4239
637248.7762 4342294.084 0.47242 1.39182
637243.4202 4342296.304 0.59322 1.57041
636821.5056 4342328.998 0.80254 1.2206
