637847.6583 4342828.999 0.35364 1.59473
637689.6481 4342733.228 0.41002 1.24858
637650.2832 4342696.645 0.17125 0.98551
637364.5438 4342601.289 0.22561 1.41425
637361.6536 4342593.204 0.19893 0.93537
637361.1888 4342591.879 0.18933 0.84075
637324.6094 4342512.573 0.29168 0.93816
637041.282 4342301.379 0.3033 1.1083
636768.1024 4342312.723 0.77743 1.50938
636760.7767 4342304.922 0.70938 1.06402
636757.7032 4342302.357 0.62263 1.19092
636688.593 4342256.795 0.52446 2.14843
636662.2029 4342232.225 0.56357 1.87896
636516.9753 4342092.996 0.34319 1.80033
636435.4555 4342068.851 0.2797 1.35849
636386.4465 4342057.233 0.36005 1.39136
636364.6312 4342051.068 0.39903 1.45494
635916.51 4341923.129 0.2783 1.79447
635914.2684 4341922.836 0.27615 1.77253
635912.2125 4341922.323 0.26877 1.72904
635880.7486 4341890.452 0.32874 1.71985
635861.3835 4341881.698 0.35184 1.66488
635828.3746 4341872.285 0.34795 1.62412
635803.9135 4341866.141 0.3307 1.58175
635779.5942 4341858.804 0.34155 1.56966
635704.7331 4341827.681 0.30207 1.94838
635672.4673 4341831.701 0.29494 1.41635
635657.1599 4341831.275 0.30419 1.33751
635638.1294 4341832.674 0.28885 1.28426
635607.9457 4341837.132 0.2951 1.29136
635565.0596 4341840.092 0.30161 1.52701
635536.9951 4341837.852 0.23284 1.48082
635479.5359 4341833.566 0.1902 1.1715
635425.3907 4341830.36 0.29149 1.17939
635104.2558 4341798.697 0.65841 0.94385
635097.9025 4341795.935 0.66631 0.95735
635091.4492 4341793.259 0.68261 0.9484
634962.0812 4341736.281 0.39666 1.44885
634947.5924 4341730.261 0.34161 1.85516
634895.8011 4341692.242 0.35959 1.95771
634880.2707 4341681.91 0.36359 1.50816
634870.3329 4341676.105 0.34721 1.44908
634831.4908 4341635.838 0.38211 1.14261
634806.1413 4341610.697 0.44988 0.92914
634789.9797 4341585.282 0.45984 0.76263
634774.1167 4341562.354 0.45595 0.65892
634770.3064 4341555.662 0.39967 0.65603
634730.1228 4341487.474 0.26628 0.63965
634728.5151 4341428.324 0.41507 1.10233
634715.3142 4341392.353 0.40594 1.00087
634705.2007 4341364.191 0.47095 0.83587
634685.4494 4341285.182 0.69854 1.27838
634632.6231 4341213.319 0.18032 2.30234
634622.5171 4341208.474 0.35598 1.59637
634585.1241 4341191.439 0.4741 1.33797
634556.6262 4341176.628 0.41863 0.94667
634544.4755 4341168.406 0.35471 0.97999
634539.5178 4341165.7 0.32562 0.92342
634495.1384 4341141.002 0.22259 0.46867
634492.8428 4341139.671 0.23561 0.45058
634472.572 4341121.479 0.32876 0.63549
634470.7241 4341121.391 0.34249 0.55369
634468.7417 4341121.141 0.33888 0.50869
634435.0707 4341111.347 0.20662 0.37595
637858.8604 4342838.7 0.38754 1.76106
637854.1359 4342837.506 0.42948 1.62364
637849.4952 4342835.809 0.44852 1.58522
637836.6394 4342829.075 0.47392 1.46942
637680.8934 4342743.214 0.45165 1.48827
637653.8874 4342720.701 0.43475 1.67953
637643.7356 4342712.492 0.44577 1.57021
637633.9361 4342705.275 0.42113 1.5137
637631.9576 4342703.989 0.41501 1.55661
637619.9292 4342671.032 0.18265 0.9465
637618.6921 4342668.101 0.17027 0.87842
637618.2273 4342667.303 0.1684 0.87802
637616.7077 4342665.147 0.2248 0.87974
637615.0718 4342663.113 0.30188 0.81789
637612.721 4342660.128 0.39375 0.7618
637611.3733 4342658.437 0.40836 0.79064
637610.6538 4342657.522 0.38557 0.835
637609.211 4342655.662 0.3434 0.94554
637606.0868 4342651.755 0.29191 0.96697
637602.2271 4342646.28 0.39647 0.7263
637599.2182 4342641.233 0.45297 0.67369
637597.8445 4342638.53 0.50254 0.68478
637597.254 4342637.134 0.48471 0.67876
637584.8379 4342606.63 0.67514 0.95706
637583.2229 4342601.163 0.58291 1.47308
637579.3266 4342589.487 0.73506 1.03009
637301.1989 4342296.803 0.33855 1.45988
637297.332 4342295.07 0.33229 1.46418
637283.9797 4342292.747 0.31264 1.30982
637280.4432 4342292.496 0.30593 1.36823
637261.0769 4342291.227 0.26611 1.54871
637256.7575 4342291.958 0.27739 1.42996
637253.1655 4342292.759 0.30188 1.33322
637248.7762 4342294.084 0.4027 1.30194
637243.4202 4342296.304 0.51688 1.48226
636821.5056 4342328.998 0.96154 1.10069
