637847.6583 4342828.999 0.41178 1.41194
637689.6481 4342733.228 0.31054 1.18169
637650.2832 4342696.645 0.25604 0.97937
637364.5438 4342601.289 0.15731 1.33206
637361.6536 4342593.204 0.09349 0.8547
637361.1888 4342591.879 0.08793 0.76001
637324.6094 4342512.573 0.34696 0.86205
637041.282 4342301.379 0.3451 1.05283
636768.1024 4342312.723 0.79179 1.49794
636760.7767 4342304.922 0.65627 1.0522
636757.7032 4342302.357 0.56553 1.17908
636688.593 4342256.795 0.54201 2.14199
636662.2029 4342232.225 0.6088 1.87145
636516.9753 4342092.996 0.36618 1.77365
636435.4555 4342068.851 0.32312 1.33182
636386.4465 4342057.233 0.40357 1.36899
636364.6312 4342051.068 0.4429 1.4369
635916.51 4341923.129 0.25861 1.76567
635914.2684 4341922.836 0.25587 1.74379
635912.2125 4341922.323 0.24796 1.70027
635880.7486 4341890.452 0.34099 1.69109
635861.3835 4341881.698 0.36615 1.63592
635828.3746 4341872.285 0.36422 1.5945
635803.9135 4341866.141 0.34487 1.55165
635779.5942 4341858.804 0.35751 1.53908
635704.7331 4341827.681 0.32216 1.91509
635672.4673 4341831.701 0.30844 1.38148
635657.1599 4341831.275 0.3148 1.30181
635638.1294 4341832.674 0.29222 1.24746
635607.9457 4341837.132 0.30006 1.25275
635565.0596 4341840.092 0.31748 1.48536
635536.9951 4341837.852 0.27536 1.43728
635479.5359 4341833.566 0.23421 1.12112
635425.3907 4341830.36 0.33378 1.12842
635104.2558 4341798.697 0.67657 1.03159
635097.9025 4341795.935 0.68639 1.04171
635091.4492 4341793.259 0.70757 1.02881
634962.0812 4341736.281 0.38369 1.50491
634947.5924 4341730.261 0.32753 1.91228
634895.8011 4341692.242 0.36166 2.02006
634880.2707 4341681.91 0.36364 1.57162
634870.3329 4341676.105 0.34353 1.51307
634831.4908 4341635.838 0.36852 1.2095
634806.1413 4341610.697 0.4159 0.99749
634789.9797 4341585.282 0.41969 0.83034
634774.1167 4341562.354 0.41344 0.72471
634770.3064 4341555.662 0.36101 0.72102
634730.1228 4341487.474 0.23818 0.69318
634728.5151 4341428.324 0.39893 1.15017
634715.3142 4341392.353 0.39212 1.04346
634705.2007 4341364.191 0.46253 0.86869
634685.4494 4341285.182 0.77914 1.2825
634632.6231 4341213.319 0.19756 2.32578
634622.5171 4341208.474 0.37702 1.6201
634585.1241 4341191.439 0.4465 1.36732
634556.6262 4341176.628 0.36988 0.98014
634544.4755 4341168.406 0.31056 1.0146
634539.5178 4341165.7 0.28263 0.95833
634495.1384 4341141.002 0.16627 0.50418
634492.8428 4341139.671 0.17488 0.48607
634472.572 4341121.479 0.2736 0.66859
634470.7241 4341121.391 0.27833 0.58684
634468.7417 4341121.141 0.26873 0.54158
634435.0707 4341111.347 0.14576 0.40267
637858.8604 4342838.7 0.41256 1.58271
637854.1359 4342837.506 0.46782 1.44402
637849.4952 4342835.809 0.49402 1.40401
637836.6394 4342829.075 0.52287 1.28273
637680.8934 4342743.214 0.37373 1.4234
637653.8874 4342720.701 0.32502 1.65331
637643.7356 4342712.492 0.32415 1.5575
637633.9361 4342705.275 0.30805 1.515
637631.9576 4342703.989 0.29893 1.56052
637619.9292 4342671.032 0.25619 0.99249
637618.6921 4342668.101 0.2262 0.93053
637618.2273 4342667.303 0.21632 0.93281
637616.7077 4342665.147 0.20515 0.94088
637615.0718 4342663.113 0.21981 0.88062
637612.721 4342660.128 0.24331 0.83153
637611.3733 4342658.437 0.24342 0.86506
637610.6538 4342657.522 0.23154 0.91063
637609.211 4342655.662 0.20684 1.0222
637606.0868 4342651.755 0.17458 1.0442
637602.2271 4342646.28 0.26725 0.81027
637599.2182 4342641.233 0.34217 0.76548
637597.8445 4342638.53 0.40561 0.78206
637597.254 4342637.134 0.39754 0.77701
637584.8379 4342606.63 0.70302 1.04249
637583.2229 4342601.163 0.62477 1.55679
637579.3266 4342589.487 0.78355 1.10529
637301.1989 4342296.803 0.35115 1.5664
637297.332 4342295.07 0.34678 1.57041
637283.9797 4342292.747 0.3281 1.41502
637280.4432 4342292.496 0.32099 1.47337
637261.0769 4342291.227 0.28291 1.65295
637256.7575 4342291.958 0.29499 1.53391
637253.1655 4342292.759 0.31967 1.43685
637248.7762 4342294.084 0.4205 1.40509
637243.4202 4342296.304 0.53819 1.58434
636821.5056 4342328.998 0.96254 1.1055
