637847.6583 4342828.999 0.46238 1.41188
637689.6481 4342733.228 0.43945 1.17809
637650.2832 4342696.645 0.19107 0.9709
637364.5438 4342601.289 0.07833 1.22238
637361.6536 4342593.204 0.04287 0.7465
637361.1888 4342591.879 0.04082 0.65217
637324.6094 4342512.573 0.40826 0.75212
637041.282 4342301.379 0.42137 1.0111
636768.1024 4342312.723 0.66819 1.61218
636760.7767 4342304.922 0.58534 1.17129
636757.7032 4342302.357 0.58205 1.29939
636688.593 4342256.795 0.50323 2.24882
636662.2029 4342232.225 0.57172 1.97149
636516.9753 4342092.996 0.42676 1.78916
636435.4555 4342068.851 0.44604 1.33673
636386.4465 4342057.233 0.52312 1.3769
636364.6312 4342051.068 0.56824 1.44643
635916.51 4341923.129 0.35463 1.81615
635914.2684 4341922.836 0.35067 1.79421
635912.2125 4341922.323 0.34261 1.75029
635880.7486 4341890.452 0.30943 1.73688
635861.3835 4341881.698 0.34137 1.67845
635828.3746 4341872.285 0.33936 1.63014
635803.9135 4341866.141 0.31481 1.58293
635779.5942 4341858.804 0.33205 1.56573
635704.7331 4341827.681 0.33001 1.92385
635672.4673 4341831.701 0.2781 1.38407
635657.1599 4341831.275 0.28493 1.30148
635638.1294 4341832.674 0.26867 1.24214
635607.9457 4341837.132 0.27303 1.239
635565.0596 4341840.092 0.34299 1.46212
635536.9951 4341837.852 0.40781 1.40813
635479.5359 4341833.566 0.36582 1.07127
635425.3907 4341830.36 0.40971 1.07824
635104.2558 4341798.697 0.62026 1.18132
635097.9025 4341795.935 0.63104 1.18664
635091.4492 4341793.259 0.65094 1.16942
634962.0812 4341736.281 0.40891 1.52546
634947.5924 4341730.261 0.39515 1.92658
634895.8011 4341692.242 0.35813 2.01929
634880.2707 4341681.91 0.3679 1.56599
634870.3329 4341676.105 0.35072 1.50278
634831.4908 4341635.838 0.4021 1.16528
634806.1413 4341610.697 0.46213 0.93318
634789.9797 4341585.282 0.48824 0.78133
634774.1167 4341562.354 0.46762 0.69658
634770.3064 4341555.662 0.41182 0.699
634730.1228 4341487.474 0.17549 0.71058
634728.5151 4341428.324 0.44386 1.18827
634715.3142 4341392.353 0.43075 1.09885
634705.2007 4341364.191 0.48979 0.94968
634685.4494 4341285.182 0.79714 1.38426
634632.6231 4341213.319 0.26199 2.43011
634622.5171 4341208.474 0.44674 1.72229
634585.1241 4341191.439 0.38075 1.46107
634556.6262 4341176.628 0.30081 1.07284
634544.4755 4341168.406 0.27348 1.10521
634539.5178 4341165.7 0.25482 1.04772
634495.1384 4341141.002 0.15681 0.5786
634492.8428 4341139.671 0.1635 0.55907
634472.572 4341121.479 0.24222 0.73095
634470.7241 4341121.391 0.24355 0.6486
634468.7417 4341121.141 0.23417 0.60251
634435.0707 4341111.347 0.1308 0.44621
637858.8604 4342838.7 0.32472 1.58187
637854.1359 4342837.506 0.36331 1.44358
637849.4952 4342835.809 0.38005 1.40371
637836.6394 4342829.075 0.39984 1.28244
637680.8934 4342743.214 0.46454 1.42016
637653.8874 4342720.701 0.44334 1.64787
637643.7356 4342712.492 0.4499 1.55072
637633.9361 4342705.275 0.42671 1.50685
637631.9576 4342703.989 0.41854 1.55236
637619.9292 4342671.032 0.22522 0.97794
637618.6921 4342668.101 0.20055 0.91487
637618.2273 4342667.303 0.19628 0.91631
637616.7077 4342665.147 0.23017 0.92282
637615.0718 4342663.113 0.26679 0.86335
637612.721 4342660.128 0.33033 0.81301
637611.3733 4342658.437 0.33941 0.84555
637610.6538 4342657.522 0.32224 0.89116
637609.211 4342655.662 0.29073 1.00304
637606.0868 4342651.755 0.25401 1.02537
637602.2271 4342646.28 0.38232 0.78858
637599.2182 4342641.233 0.4846 0.74135
637597.8445 4342638.53 0.56272 0.75558
637597.254 4342637.134 0.55345 0.74999
637584.8379 4342606.63 0.90038 1.00835
637583.2229 4342601.163 0.78081 1.52877
637579.3266 4342589.487 0.98284 1.07038
637301.1989 4342296.803 0.44911 1.53672
637297.332 4342295.07 0.44207 1.54062
637283.9797 4342292.747 0.41953 1.38484
637280.4432 4342292.496 0.4103 1.44363
637261.0769 4342291.227 0.35529 1.62346
637256.7575 4342291.958 0.36659 1.50425
637253.1655 4342292.759 0.39405 1.40664
637248.7762 4342294.084 0.50666 1.37414
637243.4202 4342296.304 0.628 1.55183
636821.5056 4342328.998 0.75722 1.22608
