637847.6583 4342828.999 0.40147 1.45974
637689.6481 4342733.228 0.38605 1.16432
637650.2832 4342696.645 0.216 0.93574
637364.5438 4342601.289 0.23482 1.3807
637361.6536 4342593.204 0.1833 0.90185
637361.1888 4342591.879 0.17162 0.80694
637324.6094 4342512.573 0.35541 0.90127
637041.282 4342301.379 0.34053 1.04635
636768.1024 4342312.723 0.77453 1.50397
636760.7767 4342304.922 0.69438 1.05908
636757.7032 4342302.357 0.60583 1.18534
636688.593 4342256.795 0.52474 2.14079
636662.2029 4342232.225 0.57298 1.86983
636516.9753 4342092.996 0.36423 1.77054
636435.4555 4342068.851 0.32654 1.32627
636386.4465 4342057.233 0.41536 1.36065
636364.6312 4342051.068 0.45443 1.426
635916.51 4341923.129 0.27225 1.76355
635914.2684 4341922.836 0.26936 1.74167
635912.2125 4341922.323 0.26208 1.6979
635880.7486 4341890.452 0.33454 1.68735
635861.3835 4341881.698 0.35838 1.6315
635828.3746 4341872.285 0.35514 1.58905
635803.9135 4341866.141 0.33691 1.54544
635779.5942 4341858.804 0.34839 1.53217
635704.7331 4341827.681 0.31187 1.9067
635672.4673 4341831.701 0.3007 1.37309
635657.1599 4341831.275 0.30919 1.29354
635638.1294 4341832.674 0.29184 1.23925
635607.9457 4341837.132 0.29885 1.2447
635565.0596 4341840.092 0.30727 1.47798
635536.9951 4341837.852 0.26938 1.43026
635479.5359 4341833.566 0.22942 1.11583
635425.3907 4341830.36 0.32965 1.12325
635104.2558 4341798.697 0.67296 0.98259
635097.9025 4341795.935 0.68145 0.99481
635091.4492 4341793.259 0.69847 0.98445
634962.0812 4341736.281 0.39719 1.47222
634947.5924 4341730.261 0.34501 1.87823
634895.8011 4341692.242 0.35114 1.98124
634880.2707 4341681.91 0.35609 1.5318
634870.3329 4341676.105 0.33971 1.47247
634831.4908 4341635.838 0.37079 1.16725
634806.1413 4341610.697 0.4343 0.95403
634789.9797 4341585.282 0.44367 0.78531
634774.1167 4341562.354 0.4423 0.67852
634770.3064 4341555.662 0.3876 0.67434
634730.1228 4341487.474 0.26742 0.65027
634728.5151 4341428.324 0.40644 1.10685
634715.3142 4341392.353 0.40006 1.00016
634705.2007 4341364.191 0.47098 0.82728
634685.4494 4341285.182 0.72121 1.25728
634632.6231 4341213.319 0.19493 2.2901
634622.5171 4341208.474 0.36847 1.58429
634585.1241 4341191.439 0.44596 1.32748
634556.6262 4341176.628 0.39015 0.93831
634544.4755 4341168.406 0.33533 0.97204
634539.5178 4341165.7 0.30898 0.9154
634495.1384 4341141.002 0.20639 0.46101
634492.8428 4341139.671 0.21834 0.44283
634472.572 4341121.479 0.31109 0.62762
634470.7241 4341121.391 0.32324 0.54605
634468.7417 4341121.141 0.31857 0.50085
634435.0707 4341111.347 0.18765 0.36783
637858.8604 4342838.7 0.40168 1.62911
637854.1359 4342837.506 0.44831 1.49064
637849.4952 4342835.809 0.46989 1.45132
637836.6394 4342829.075 0.49799 1.33181
637680.8934 4342743.214 0.4419 1.40498
637653.8874 4342720.701 0.40576 1.618
637643.7356 4342712.492 0.40874 1.51646
637633.9361 4342705.275 0.38705 1.46845
637631.9576 4342703.989 0.37835 1.51302
637619.9292 4342671.032 0.23003 0.92867
637618.6921 4342668.101 0.20379 0.86467
637618.2273 4342667.303 0.19884 0.86608
637616.7077 4342665.147 0.21553 0.8721
637615.0718 4342663.113 0.25446 0.81123
637612.721 4342660.128 0.30476 0.75946
637611.3733 4342658.437 0.30951 0.79096
637610.6538 4342657.522 0.29249 0.83603
637609.211 4342655.662 0.25867 0.94723
637606.0868 4342651.755 0.21669 0.96897
637602.2271 4342646.28 0.31466 0.73216
637599.2182 4342641.233 0.38355 0.68412
637597.8445 4342638.53 0.44248 0.69791
637597.254 4342637.134 0.43008 0.69222
637584.8379 4342606.63 0.68068 0.95934
637583.2229 4342601.163 0.59517 1.47607
637579.3266 4342589.487 0.75595 1.02534
637301.1989 4342296.803 0.32752 1.48348
637297.332 4342295.07 0.32274 1.48758
637283.9797 4342292.747 0.30526 1.33257
637280.4432 4342292.496 0.29834 1.3911
637261.0769 4342291.227 0.26213 1.57099
637256.7575 4342291.958 0.27462 1.45201
637253.1655 4342292.759 0.29917 1.35509
637248.7762 4342294.084 0.3991 1.32362
637243.4202 4342296.304 0.51399 1.50341
636821.5056 4342328.998 0.94568 1.1045
