637847.6583 4342828.999 0.44124 1.39477
637689.6481 4342733.228 0.36562 1.16741
637650.2832 4342696.645 0.24057 0.96338
637364.5438 4342601.289 0.12194 1.27299
637361.6536 4342593.204 0.06899 0.79614
637361.1888 4342591.879 0.0649 0.70154
637324.6094 4342512.573 0.39551 0.79933
637041.282 4342301.379 0.39138 1.02796
636768.1024 4342312.723 0.71395 1.56624
636760.7767 4342304.922 0.62513 1.12367
636757.7032 4342302.357 0.59087 1.25099
636688.593 4342256.795 0.51381 2.20356
636662.2029 4342232.225 0.57882 1.92881
636516.9753 4342092.996 0.39951 1.78403
636435.4555 4342068.851 0.39118 1.33293
636386.4465 4342057.233 0.46826 1.36849
636364.6312 4342051.068 0.50966 1.43598
635916.51 4341923.129 0.31195 1.79007
635914.2684 4341922.836 0.30857 1.76811
635912.2125 4341922.323 0.30066 1.72438
635880.7486 4341890.452 0.32176 1.71226
635861.3835 4341881.698 0.35023 1.65504
635828.3746 4341872.285 0.34809 1.60947
635803.9135 4341866.141 0.32597 1.56396
635779.5942 4341858.804 0.34059 1.54862
635704.7331 4341827.681 0.32409 1.91461
635672.4673 4341831.701 0.28868 1.37776
635657.1599 4341831.275 0.29507 1.29659
635638.1294 4341832.674 0.27714 1.23971
635607.9457 4341837.132 0.28447 1.24079
635565.0596 4341840.092 0.33361 1.46834
635536.9951 4341837.852 0.33921 1.41693
635479.5359 4341833.566 0.29975 1.09029
635425.3907 4341830.36 0.37577 1.0969
635104.2558 4341798.697 0.6483 1.10921
635097.9025 4341795.935 0.65912 1.11642
635091.4492 4341793.259 0.67907 1.10101
634962.0812 4341736.281 0.40897 1.50761
634947.5924 4341730.261 0.37636 1.9109
634895.8011 4341692.242 0.35786 2.00934
634880.2707 4341681.91 0.36523 1.55798
634870.3329 4341676.105 0.34794 1.49687
634831.4908 4341635.838 0.38864 1.17597
634806.1413 4341610.697 0.44534 0.95482
634789.9797 4341585.282 0.46516 0.79636
634774.1167 4341562.354 0.45433 0.70267
634770.3064 4341555.662 0.39798 0.70261
634730.1228 4341487.474 0.20902 0.69745
634728.5151 4341428.324 0.42747 1.16563
634715.3142 4341392.353 0.41758 1.0689
634705.2007 4341364.191 0.48255 0.91025
634685.4494 4341285.182 0.76515 1.34182
634632.6231 4341213.319 0.23056 2.38421
634622.5171 4341208.474 0.41491 1.67716
634585.1241 4341191.439 0.41267 1.41878
634556.6262 4341176.628 0.33714 1.0298
634544.4755 4341168.406 0.2969 1.06255
634539.5178 4341165.7 0.27469 1.00543
634495.1384 4341141.002 0.16932 0.54185
634492.8428 4341139.671 0.17702 0.52286
634472.572 4341121.479 0.26442 0.69928
634470.7241 4341121.391 0.26806 0.61716
634468.7417 4341121.141 0.2589 0.57141
634435.0707 4341111.347 0.14449 0.42283
637858.8604 4342838.7 0.36276 1.56577
637854.1359 4342837.506 0.40827 1.42711
637849.4952 4342835.809 0.4289 1.38691
637836.6394 4342829.075 0.4523 1.26488
637680.8934 4342743.214 0.41293 1.40929
637653.8874 4342720.701 0.37123 1.63855
637643.7356 4342712.492 0.37431 1.54217
637633.9361 4342705.275 0.35648 1.49911
637631.9576 4342703.989 0.34777 1.54461
637619.9292 4342671.032 0.25829 0.9739
637618.6921 4342668.101 0.23238 0.91152
637618.2273 4342667.303 0.22558 0.91351
637616.7077 4342665.147 0.23199 0.92101
637615.0718 4342663.113 0.25549 0.86092
637612.721 4342660.128 0.29538 0.81129
637611.3733 4342658.437 0.29834 0.84434
637610.6538 4342657.522 0.28351 0.88994
637609.211 4342655.662 0.25402 1.00168
637606.0868 4342651.755 0.21879 1.02382
637602.2271 4342646.28 0.33156 0.78837
637599.2182 4342641.233 0.41937 0.7425
637597.8445 4342638.53 0.48911 0.75815
637597.254 4342637.134 0.48041 0.75291
637584.8379 4342606.63 0.80603 1.01483
637583.2229 4342601.163 0.70451 1.53195
637579.3266 4342589.487 0.88606 1.0768
637301.1989 4342296.803 0.40201 1.54151
637297.332 4342295.07 0.39633 1.54537
637283.9797 4342292.747 0.37554 1.38952
637280.4432 4342292.496 0.36707 1.44804
637261.0769 4342291.227 0.32002 1.62748
637256.7575 4342291.958 0.33193 1.50831
637253.1655 4342292.759 0.35799 1.41091
637248.7762 4342294.084 0.46466 1.37877
637243.4202 4342296.304 0.58304 1.55721
636821.5056 4342328.998 0.83611 1.17776
