637847.6583 4342828.999 0.43461 1.41816
637689.6481 4342733.228 0.55809 1.1299
637650.2832 4342696.645 0.13615 0.89941
637364.5438 4342601.289 0.23419 1.30708
637361.6536 4342593.204 0.19745 0.82761
637361.1888 4342591.879 0.18258 0.73288
637324.6094 4342512.573 0.5053 0.8168
637041.282 4342301.379 0.42558 0.90845
636768.1024 4342312.723 0.79981 1.44382
636760.7767 4342304.922 0.72205 0.99718
636757.7032 4342302.357 0.64708 1.12417
636688.593 4342256.795 0.5498 2.07989
636662.2029 4342232.225 0.60909 1.80615
636516.9753 4342092.996 0.4156 1.68065
636435.4555 4342068.851 0.41947 1.24001
636386.4465 4342057.233 0.52542 1.28188
636364.6312 4342051.068 0.56658 1.35172
635916.51 4341923.129 0.31216 1.69203
635914.2684 4341922.836 0.30913 1.67011
635912.2125 4341922.323 0.30127 1.62644
635880.7486 4341890.452 0.35247 1.61445
635861.3835 4341881.698 0.38145 1.55756
635828.3746 4341872.285 0.37989 1.51328
635803.9135 4341866.141 0.35894 1.46857
635779.5942 4341858.804 0.372 1.45409
635704.7331 4341827.681 0.33611 1.82436
635672.4673 4341831.701 0.31948 1.28891
635657.1599 4341831.275 0.32883 1.20855
635638.1294 4341832.674 0.31305 1.15298
635607.9457 4341837.132 0.31839 1.15624
635565.0596 4341840.092 0.34161 1.3876
635536.9951 4341837.852 0.35565 1.33844
635479.5359 4341833.566 0.33433 1.01786
635425.3907 4341830.36 0.42654 1.0253
635104.2558 4341798.697 0.73438 0.9639
635097.9025 4341795.935 0.74624 0.9735
635091.4492 4341793.259 0.76776 0.96012
634962.0812 4341736.281 0.41452 1.41835
634947.5924 4341730.261 0.36628 1.82435
634895.8011 4341692.242 0.36583 1.9264
634880.2707 4341681.91 0.37524 1.47643
634870.3329 4341676.105 0.36011 1.41672
634831.4908 4341635.838 0.40244 1.10753
634806.1413 4341610.697 0.47629 0.89231
634789.9797 4341585.282 0.49112 0.72806
634774.1167 4341562.354 0.48528 0.62706
634770.3064 4341555.662 0.42501 0.62505
634730.1228 4341487.474 0.26559 0.608
634728.5151 4341428.324 0.44613 1.07174
634715.3142 4341392.353 0.43808 0.97111
634705.2007 4341364.191 0.51655 0.80549
634685.4494 4341285.182 0.78948 1.21382
634632.6231 4341213.319 0.23005 2.25107
634622.5171 4341208.474 0.41649 1.5439
634585.1241 4341191.439 0.44156 1.28714
634556.6262 4341176.628 0.38062 0.90146
634544.4755 4341168.406 0.33371 0.93625
634539.5178 4341165.7 0.30998 0.87989
634495.1384 4341141.002 0.2091 0.42686
634492.8428 4341139.671 0.22202 0.40882
634472.572 4341121.479 0.3143 0.59527
634470.7241 4341121.391 0.32819 0.51386
634468.7417 4341121.141 0.32441 0.46877
634435.0707 4341111.347 0.1865 0.34009
637858.8604 4342838.7 0.37153 1.58513
637854.1359 4342837.506 0.41231 1.44745
637849.4952 4342835.809 0.43362 1.409
637836.6394 4342829.075 0.46338 1.2922
637680.8934 4342743.214 0.53663 1.37156
637653.8874 4342720.701 0.5505 1.58544
637643.7356 4342712.492 0.57033 1.48272
637633.9361 4342705.275 0.54122 1.43254
637631.9576 4342703.989 0.53548 1.47722
637619.9292 4342671.032 0.17413 0.88054
637618.6921 4342668.101 0.15328 0.81419
637618.2273 4342667.303 0.14929 0.8139
637616.7077 4342665.147 0.23741 0.81708
637615.0718 4342663.113 0.29434 0.75814
637612.721 4342660.128 0.38944 0.70321
637611.3733 4342658.437 0.39749 0.7325
637610.6538 4342657.522 0.37198 0.77755
637609.211 4342655.662 0.32451 0.88903
637606.0868 4342651.755 0.26979 0.9112
637602.2271 4342646.28 0.38563 0.67202
637599.2182 4342641.233 0.47258 0.62003
637597.8445 4342638.53 0.54295 0.62936
637597.254 4342637.134 0.52512 0.62268
637584.8379 4342606.63 0.79525 0.88279
637583.2229 4342601.163 0.67654 1.40151
637579.3266 4342589.487 0.87959 0.94625
637301.1989 4342296.803 0.35484 1.42847
637297.332 4342295.07 0.3491 1.43282
637283.9797 4342292.747 0.33219 1.2786
637280.4432 4342292.496 0.32508 1.3373
637261.0769 4342291.227 0.28241 1.51808
637256.7575 4342291.958 0.29526 1.39927
637253.1655 4342292.759 0.32238 1.30231
637248.7762 4342294.084 0.43201 1.27066
637243.4202 4342296.304 0.55274 1.45005
636821.5056 4342328.998 0.98199 1.05208
