637847.6583 4342828.999 0.40587 1.35709
637689.6481 4342733.228 0.33486 1.11393
637650.2832 4342696.645 0.26646 0.90885
637364.5438 4342601.289 0.30589 1.41565
637361.6536 4342593.204 0.25318 0.93587
637361.1888 4342591.879 0.23829 0.84074
637324.6094 4342512.573 0.41755 0.93612
637041.282 4342301.379 0.35381 0.99066
636768.1024 4342312.723 0.85939 1.42081
636760.7767 4342304.922 0.69549 0.97039
636757.7032 4342302.357 0.51939 1.09746
636688.593 4342256.795 0.55686 2.06142
636662.2029 4342232.225 0.61345 1.7925
636516.9753 4342092.996 0.34924 1.71949
636435.4555 4342068.851 0.3232 1.28477
636386.4465 4342057.233 0.41597 1.32514
636364.6312 4342051.068 0.44945 1.39443
635916.51 4341923.129 0.2191 1.68917
635914.2684 4341922.836 0.21533 1.66738
635912.2125 4341922.323 0.20802 1.62384
635880.7486 4341890.452 0.36261 1.61461
635861.3835 4341881.698 0.38411 1.55981
635828.3746 4341872.285 0.38285 1.5194
635803.9135 4341866.141 0.36665 1.47696
635779.5942 4341858.804 0.37715 1.46496
635704.7331 4341827.681 0.32042 1.84403
635672.4673 4341831.701 0.33463 1.3111
635657.1599 4341831.275 0.34424 1.2318
635638.1294 4341832.674 0.32021 1.17838
635607.9457 4341837.132 0.32527 1.18536
635565.0596 4341840.092 0.28764 1.42019
635536.9951 4341837.852 0.25282 1.37371
635479.5359 4341833.566 0.23488 1.06155
635425.3907 4341830.36 0.34425 1.06881
635104.2558 4341798.697 0.71843 0.93892
635097.9025 4341795.935 0.72342 0.95532
635091.4492 4341793.259 0.7388 0.9489
634962.0812 4341736.281 0.35159 1.50541
634947.5924 4341730.261 0.28449 1.91499
634895.8011 4341692.242 0.34109 2.02751
634880.2707 4341681.91 0.34157 1.58083
634870.3329 4341676.105 0.3226 1.52388
634831.4908 4341635.838 0.3388 1.23271
634806.1413 4341610.697 0.38084 1.02528
634789.9797 4341585.282 0.36804 0.84257
634774.1167 4341562.354 0.36745 0.7166
634770.3064 4341555.662 0.32008 0.7059
634730.1228 4341487.474 0.29904 0.65508
634728.5151 4341428.324 0.34633 1.09649
634715.3142 4341392.353 0.34331 0.97304
634705.2007 4341364.191 0.41799 0.76468
634685.4494 4341285.182 0.74497 1.13036
634632.6231 4341213.319 0.16931 2.17672
634622.5171 4341208.474 0.33299 1.47217
634585.1241 4341191.439 0.4316 1.22446
634556.6262 4341176.628 0.38566 0.84134
634544.4755 4341168.406 0.32108 0.87834
634539.5178 4341165.7 0.29178 0.82306
634495.1384 4341141.002 0.18089 0.38192
634492.8428 4341139.671 0.19335 0.3651
634472.572 4341121.479 0.29477 0.55886
634470.7241 4341121.391 0.3086 0.47806
634468.7417 4341121.141 0.30449 0.43369
634435.0707 4341111.347 0.16288 0.31634
637858.8604 4342838.7 0.46456 1.52837
637854.1359 4342837.506 0.5235 1.38924
637849.4952 4342835.809 0.54964 1.34941
637836.6394 4342829.075 0.5817 1.22811
637680.8934 4342743.214 0.40116 1.35548
637653.8874 4342720.701 0.34708 1.58355
637643.7356 4342712.492 0.34696 1.48703
637633.9361 4342705.275 0.33025 1.4439
637631.9576 4342703.989 0.32027 1.48935
637619.9292 4342671.032 0.26888 0.91923
637618.6921 4342668.101 0.22488 0.85732
637618.2273 4342667.303 0.20911 0.85965
637616.7077 4342665.147 0.19956 0.86798
637615.0718 4342663.113 0.18884 0.80784
637612.721 4342660.128 0.19688 0.75801
637611.3733 4342658.437 0.19208 0.791
637610.6538 4342657.522 0.18073 0.83635
637609.211 4342655.662 0.15751 0.94764
637606.0868 4342651.755 0.12707 0.9694
637602.2271 4342646.28 0.196 0.73579
637599.2182 4342641.233 0.25595 0.68989
637597.8445 4342638.53 0.31209 0.70415
637597.254 4342637.134 0.30295 0.69835
637584.8379 4342606.63 0.54372 0.96021
637583.2229 4342601.163 0.50314 1.47233
637579.3266 4342589.487 0.63707 1.02103
637301.1989 4342296.803 0.24369 1.50036
637297.332 4342295.07 0.24142 1.50487
637283.9797 4342292.747 0.22903 1.35116
637280.4432 4342292.496 0.22413 1.40958
637261.0769 4342291.227 0.20282 1.59036
637256.7575 4342291.958 0.21565 1.47172
637253.1655 4342292.759 0.23788 1.37533
637248.7762 4342294.084 0.32803 1.34459
637243.4202 4342296.304 0.44067 1.5257
636821.5056 4342328.998 1.08039 1.01507
