637847.6583 4342828.999 0.43693 1.34774
637689.6481 4342733.228 0.34771 1.06461
637650.2832 4342696.645 0.27544 0.85012
637364.5438 4342601.289 0.2495 1.3276
637361.6536 4342593.204 0.18767 0.84907
637361.1888 4342591.879 0.17294 0.75414
637324.6094 4342512.573 0.35685 0.85531
637041.282 4342301.379 0.34728 0.98491
636768.1024 4342312.723 0.86204 1.39755
636760.7767 4342304.922 0.76317 0.94803
636757.7032 4342302.357 0.6595 1.07438
636688.593 4342256.795 0.5621 2.04161
636662.2029 4342232.225 0.63413 1.77151
636516.9753 4342092.996 0.3843 1.67968
636435.4555 4342068.851 0.32161 1.23843
636386.4465 4342057.233 0.42253 1.27454
636364.6312 4342051.068 0.46731 1.3401
635916.51 4341923.129 0.28046 1.69158
635914.2684 4341922.836 0.27862 1.66975
635912.2125 4341922.323 0.27104 1.62621
635880.7486 4341890.452 0.35555 1.61773
635861.3835 4341881.698 0.38233 1.563
635828.3746 4341872.285 0.38048 1.52282
635803.9135 4341866.141 0.36188 1.48088
635779.5942 4341858.804 0.374 1.46914
635704.7331 4341827.681 0.32685 1.84867
635672.4673 4341831.701 0.32015 1.31688
635657.1599 4341831.275 0.33052 1.23816
635638.1294 4341832.674 0.31189 1.18505
635607.9457 4341837.132 0.31789 1.19232
635565.0596 4341840.092 0.32803 1.42799
635536.9951 4341837.852 0.27688 1.38186
635479.5359 4341833.566 0.22594 1.07125
635425.3907 4341830.36 0.34234 1.08056
635104.2558 4341798.697 0.75851 0.90381
635097.9025 4341795.935 0.7713 0.9143
635091.4492 4341793.259 0.7964 0.90107
634962.0812 4341736.281 0.42196 1.39183
634947.5924 4341730.261 0.34985 1.79955
634895.8011 4341692.242 0.37965 1.90721
634880.2707 4341681.91 0.3885 1.4585
634870.3329 4341676.105 0.37142 1.39972
634831.4908 4341635.838 0.41383 1.09572
634806.1413 4341610.697 0.48144 0.88303
634789.9797 4341585.282 0.49562 0.71843
634774.1167 4341562.354 0.49038 0.61679
634770.3064 4341555.662 0.42837 0.61477
634730.1228 4341487.474 0.26351 0.59717
634728.5151 4341428.324 0.44899 1.06109
634715.3142 4341392.353 0.44082 0.96059
634705.2007 4341364.191 0.52133 0.79482
634685.4494 4341285.182 0.81563 1.215
634632.6231 4341213.319 0.19398 2.25381
634622.5171 4341208.474 0.38079 1.54808
634585.1241 4341191.439 0.49501 1.29407
634556.6262 4341176.628 0.43604 0.9072
634544.4755 4341168.406 0.36553 0.94239
634539.5178 4341165.7 0.33338 0.88636
634495.1384 4341141.002 0.21195 0.43706
634492.8428 4341139.671 0.2256 0.41928
634472.572 4341121.479 0.33327 0.60748
634470.7241 4341121.391 0.34694 0.52613
634468.7417 4341121.141 0.34183 0.48098
634435.0707 4341111.347 0.19141 0.35377
637858.8604 4342838.7 0.44098 1.5188
637854.1359 4342837.506 0.50269 1.37971
637849.4952 4342835.809 0.53373 1.33978
637836.6394 4342829.075 0.57751 1.21844
637680.8934 4342743.214 0.4292 1.30564
637653.8874 4342720.701 0.37281 1.52763
637643.7356 4342712.492 0.37225 1.42919
637633.9361 4342705.275 0.35157 1.38445
637631.9576 4342703.989 0.34025 1.4297
637619.9292 4342671.032 0.27108 0.85581
637618.6921 4342668.101 0.23942 0.79323
637618.2273 4342667.303 0.23036 0.79538
637616.7077 4342665.147 0.2146 0.80302
637615.0718 4342663.113 0.25117 0.74188
637612.721 4342660.128 0.2916 0.69202
637611.3733 4342658.437 0.29515 0.7248
637610.6538 4342657.522 0.27839 0.77038
637609.211 4342655.662 0.2453 0.88212
637606.0868 4342651.755 0.20479 0.90445
637602.2271 4342646.28 0.32231 0.66891
637599.2182 4342641.233 0.41441 0.62211
637597.8445 4342638.53 0.48974 0.636
637597.254 4342637.134 0.4772 0.63033
637584.8379 4342606.63 0.76601 0.89891
637583.2229 4342601.163 0.64812 1.41885
637579.3266 4342589.487 0.83344 0.9697
637301.1989 4342296.803 0.34528 1.42227
637297.332 4342295.07 0.34042 1.42672
637283.9797 4342292.747 0.3249 1.27285
637280.4432 4342292.496 0.31735 1.33161
637261.0769 4342291.227 0.27648 1.51275
637256.7575 4342291.958 0.29084 1.39396
637253.1655 4342292.759 0.31857 1.29707
637248.7762 4342294.084 0.42811 1.26551
637243.4202 4342296.304 0.54744 1.44523
636821.5056 4342328.998 1.09912 1.00004
