637847.6583 4342828.999 0.3874 1.43789
637689.6481 4342733.228 0.34716 1.20095
637650.2832 4342696.645 0.22862 0.99258
637364.5438 4342601.289 0.23689 1.40586
637361.6536 4342593.204 0.17144 0.92666
637361.1888 4342591.879 0.15977 0.8316
637324.6094 4342512.573 0.39351 0.926
637041.282 4342301.379 0.34865 1.03754
636768.1024 4342312.723 0.79583 1.49727
636760.7767 4342304.922 0.64824 1.05066
636757.7032 4342302.357 0.50711 1.1776
636688.593 4342256.795 0.53464 2.13605
636662.2029 4342232.225 0.58364 1.86631
636516.9753 4342092.996 0.3467 1.7817
636435.4555 4342068.851 0.32683 1.34426
636386.4465 4342057.233 0.41007 1.38373
636364.6312 4342051.068 0.44259 1.45303
635916.51 4341923.129 0.22763 1.75053
635914.2684 4341922.836 0.22367 1.7287
635912.2125 4341922.323 0.21585 1.68509
635880.7486 4341890.452 0.34562 1.67488
635861.3835 4341881.698 0.36676 1.61946
635828.3746 4341872.285 0.3651 1.57769
635803.9135 4341866.141 0.34807 1.53433
635779.5942 4341858.804 0.35877 1.52145
635704.7331 4341827.681 0.31393 1.89725
635672.4673 4341831.701 0.31722 1.36324
635657.1599 4341831.275 0.32426 1.2834
635638.1294 4341832.674 0.30081 1.22914
635607.9457 4341837.132 0.30759 1.23474
635565.0596 4341840.092 0.2886 1.46774
635536.9951 4341837.852 0.2587 1.41998
635479.5359 4341833.566 0.23837 1.10473
635425.3907 4341830.36 0.33749 1.11154
635104.2558 4341798.697 0.66771 1.01392
635097.9025 4341795.935 0.67326 1.02885
635091.4492 4341793.259 0.68846 1.02125
634962.0812 4341736.281 0.35188 1.55221
634947.5924 4341730.261 0.29615 1.96058
634895.8011 4341692.242 0.33411 2.07027
634880.2707 4341681.91 0.33338 1.62289
634870.3329 4341676.105 0.31466 1.56538
634831.4908 4341635.838 0.33015 1.27081
634806.1413 4341610.697 0.36859 1.06229
634789.9797 4341585.282 0.35998 0.88255
634774.1167 4341562.354 0.35938 0.75991
634770.3064 4341555.662 0.313 0.75033
634730.1228 4341487.474 0.27374 0.70214
634728.5151 4341428.324 0.34295 1.14406
634715.3142 4341392.353 0.33925 1.0216
634705.2007 4341364.191 0.40873 0.81787
634685.4494 4341285.182 0.72 1.20005
634632.6231 4341213.319 0.17921 2.24144
634622.5171 4341208.474 0.34248 1.53647
634585.1241 4341191.439 0.41468 1.28607
634556.6262 4341176.628 0.35742 0.9008
634544.4755 4341168.406 0.30191 0.93637
634539.5178 4341165.7 0.2752 0.8805
634495.1384 4341141.002 0.16522 0.43283
634492.8428 4341139.671 0.17508 0.41536
634472.572 4341121.479 0.27318 0.6035
634470.7241 4341121.391 0.28173 0.52228
634468.7417 4341121.141 0.27448 0.47747
634435.0707 4341111.347 0.14552 0.34947
637858.8604 4342838.7 0.42269 1.6078
637854.1359 4342837.506 0.47269 1.46923
637849.4952 4342835.809 0.49493 1.42978
637836.6394 4342829.075 0.51933 1.30981
637680.8934 4342743.214 0.40002 1.4425
637653.8874 4342720.701 0.35834 1.66847
637643.7356 4342712.492 0.35911 1.57126
637633.9361 4342705.275 0.34184 1.52738
637631.9576 4342703.989 0.33343 1.57266
637619.9292 4342671.032 0.24236 1.00001
637618.6921 4342668.101 0.2063 0.93765
637618.2273 4342667.303 0.1959 0.93974
637616.7077 4342665.147 0.20028 0.94742
637615.0718 4342663.113 0.19753 0.88744
637612.721 4342660.128 0.21338 0.83727
637611.3733 4342658.437 0.21049 0.87001
637610.6538 4342657.522 0.1991 0.91525
637609.211 4342655.662 0.17578 1.02642
637606.0868 4342651.755 0.14465 1.04799
637602.2271 4342646.28 0.21323 0.81385
637599.2182 4342641.233 0.26935 0.76807
637597.8445 4342638.53 0.3214 0.78345
637597.254 4342637.134 0.31316 0.778
637584.8379 4342606.63 0.56377 1.04024
637583.2229 4342601.163 0.52507 1.55181
637579.3266 4342589.487 0.65569 1.09883
637301.1989 4342296.803 0.27625 1.57817
637297.332 4342295.07 0.27337 1.5823
637283.9797 4342292.747 0.25739 1.4273
637280.4432 4342292.496 0.25213 1.48556
637261.0769 4342291.227 0.22733 1.66519
637256.7575 4342291.958 0.23861 1.5463
637253.1655 4342292.759 0.26006 1.4496
637248.7762 4342294.084 0.34999 1.41846
637243.4202 4342296.304 0.46402 1.59869
636821.5056 4342328.998 0.9691 1.0956
