637847.6583 4342828.999 0.41607 1.36824
637689.6481 4342733.228 0.38327 1.15588
637650.2832 4342696.645 0.23679 0.95294
637364.5438 4342601.289 0.22119 1.33413
637361.6536 4342593.204 0.14966 0.85482
637361.1888 4342591.879 0.13755 0.7598
637324.6094 4342512.573 0.48453 0.84762
637041.282 4342301.379 0.40822 0.96745
636768.1024 4342312.723 0.79007 1.47902
636760.7767 4342304.922 0.65814 1.03272
636757.7032 4342302.357 0.5439 1.16046
636688.593 4342256.795 0.54193 2.11666
636662.2029 4342232.225 0.60251 1.84403
636516.9753 4342092.996 0.37861 1.73527
636435.4555 4342068.851 0.38638 1.29269
636386.4465 4342057.233 0.46694 1.33115
636364.6312 4342051.068 0.49748 1.40096
635916.51 4341923.129 0.24673 1.71614
635914.2684 4341922.836 0.24293 1.6942
635912.2125 4341922.323 0.23563 1.65066
635880.7486 4341890.452 0.35099 1.63929
635861.3835 4341881.698 0.37533 1.58299
635828.3746 4341872.285 0.37419 1.53956
635803.9135 4341866.141 0.35523 1.49519
635779.5942 4341858.804 0.36764 1.48118
635704.7331 4341827.681 0.32838 1.85292
635672.4673 4341831.701 0.32144 1.31742
635657.1599 4341831.275 0.32836 1.23681
635638.1294 4341832.674 0.30574 1.18143
635607.9457 4341837.132 0.31326 1.18509
635565.0596 4341840.092 0.31313 1.41562
635536.9951 4341837.852 0.3049 1.36605
635479.5359 4341833.566 0.30199 1.04505
635425.3907 4341830.36 0.39436 1.05078
635104.2558 4341798.697 0.70114 1.01855
635097.9025 4341795.935 0.70987 1.03025
635091.4492 4341793.259 0.72841 1.01935
634962.0812 4341736.281 0.37579 1.51319
634947.5924 4341730.261 0.32137 1.92045
634895.8011 4341692.242 0.34676 2.02799
634880.2707 4341681.91 0.34887 1.57977
634870.3329 4341676.105 0.33065 1.52171
634831.4908 4341635.838 0.35239 1.22218
634806.1413 4341610.697 0.40249 1.01158
634789.9797 4341585.282 0.40473 0.838
634774.1167 4341562.354 0.40447 0.72425
634770.3064 4341555.662 0.35355 0.71801
634730.1228 4341487.474 0.2685 0.67953
634728.5151 4341428.324 0.38093 1.12721
634715.3142 4341392.353 0.37763 1.01153
634705.2007 4341364.191 0.45349 0.82273
634685.4494 4341285.182 0.74144 1.20906
634632.6231 4341213.319 0.20333 2.25262
634622.5171 4341208.474 0.37663 1.54636
634585.1241 4341191.439 0.4203 1.2939
634556.6262 4341176.628 0.35643 0.90868
634544.4755 4341168.406 0.30575 0.94384
634539.5178 4341165.7 0.28016 0.88782
634495.1384 4341141.002 0.16791 0.43665
634492.8428 4341139.671 0.17756 0.41892
634472.572 4341121.479 0.27475 0.60496
634470.7241 4341121.391 0.28257 0.52348
634468.7417 4341121.141 0.27467 0.47862
634435.0707 4341111.347 0.14294 0.34814
637858.8604 4342838.7 0.40329 1.53843
637854.1359 4342837.506 0.45282 1.39998
637849.4952 4342835.809 0.47708 1.36023
637836.6394 4342829.075 0.50431 1.23978
637680.8934 4342743.214 0.42061 1.39794
637653.8874 4342720.701 0.37877 1.62777
637643.7356 4342712.492 0.38238 1.53155
637633.9361 4342705.275 0.36534 1.48858
637631.9576 4342703.989 0.35679 1.53409
637619.9292 4342671.032 0.26035 0.96312
637618.6921 4342668.101 0.22472 0.90088
637618.2273 4342667.303 0.21418 0.90297
637616.7077 4342665.147 0.22534 0.91064
637615.0718 4342663.113 0.22328 0.85097
637612.721 4342660.128 0.24538 0.801
637611.3733 4342658.437 0.24116 0.83394
637610.6538 4342657.522 0.22794 0.87935
637609.211 4342655.662 0.20026 0.99073
637606.0868 4342651.755 0.16631 1.01251
637602.2271 4342646.28 0.24995 0.77823
637599.2182 4342641.233 0.31659 0.73236
637597.8445 4342638.53 0.37496 0.74794
637597.254 4342637.134 0.3662 0.74266
637584.8379 4342606.63 0.6481 1.00166
637583.2229 4342601.163 0.58473 1.51255
637579.3266 4342589.487 0.74189 1.05694
637301.1989 4342296.803 0.30913 1.54524
637297.332 4342295.07 0.30581 1.54924
637283.9797 4342292.747 0.28978 1.3938
637280.4432 4342292.496 0.28319 1.45196
637261.0769 4342291.227 0.252 1.63129
637256.7575 4342291.958 0.26426 1.51226
637253.1655 4342292.759 0.28745 1.41538
637248.7762 4342294.084 0.3829 1.38381
637243.4202 4342296.304 0.49714 1.56347
636821.5056 4342328.998 0.95568 1.08344
