0.078085
0.076015
0.0437
0.02783
0.02346
0.022425
0.1012
0.09154
0.05796
0.061985
0.06877
0.08303
0.106145
0.078085
0.06072
0.07015
0.07843
0.03887
0.035075
0.03427
0.060835
0.057155
0.066355
0.070495
0.06808
0.0529
0.062905
0.061755
0.06417
0.056925
0.067275
0.065435
0.089815
0.091885
0.115
0.11132
0.116955
0.0621
0.06992
0.0529
0.039905
0.05796
0.06256
0.069115
0.071185
0.06233
0.065435
0.06095
0.05957
0.061755
0.084065
0.147315
0.06095
0.04945
0.083835
0.05819
0.05313
0.047495
0.044275
0.042435
0.029555
0.030935
0.034385
0.04186
0.066125
0.066125
0.068195
0.091195
0.085215
0.056925
0.067505
0.064515
0.06394
0.03358
0.025645
0.02461
0.02346
0.02415
0.02783
0.031855
0.031625
0.032545
0.035305
0.037835
0.041285
0.040825
0.041745
0.083375
0.07084
0.061295
0.015525
0.02714
0.02461
0.02415
0.027485
0.030015
0.03703
0.066585
0.06325
0.279565
0.095289072
0.079857009
0.057924902
0.146266247
0.072998629
0.075674499
0.04837835
0.06906909
0.129224316
0.079849508
0.09617743
0.215292539
0.184327356
0.125430603
0.098021621
0.109658394
0.117594483
0.147055163
0.13930145
0.133274189
0.146437406
0.137148661
0.124427239
0.112432655
0.120159623
0.1916636
0.112551902
0.096838511
0.10144522
0.106809788
0.120017873
0.155892508
0.095555958
0.083519137
0.08099357
0.078812179
0.080202762
0.08075448
0.139275512
0.171585569
0.111130543
0.104146222
0.072919973
0.057288428
0.04963577
0.056578975
0.063556076
0.009670917
0.103725282
0.115012517
0.085041059
0.146860484
0.255313826
0.239689782
0.147527454
0.118731044
0.107470834
0.097160218
0.040588498
0.03985146
0.076331268
0.069508151
0.061562424
0.049987166
0.100416163
0.127734746
0.102135148
0.096636366
0.104179907
0.146167856
0.136144737
0.123801982
0.12368645
0.059140085
0.050516697
0.055646452
0.058059677
0.046518666
0.043829441
0.045049426
0.046687687
0.054432847
0.070117916
0.040351302
0.029519497
0.022286728
0.024427213
0.052991438
0.11291774
0.104486927
0.176062796
0.125142335
0.171849791
0.173103987
0.175254637
0.176903588
0.164201409
0.153775017
0.175076538
0.078729526
